1055191
69143
1804687
1702933
1019827
1994191
1155529
499361
198391
511523
389819
1821733
1205779
713569
272399
1788931
1770239
1907473
13267
1100147
792973
1420919
1687583
1077299
1207331
512269
155593
495589
460051
329393
685103
655651
1682143
17477
44203
1511233
941429
366211
241687
45707
265957
1613639
40961
473971
678463
166429
237737
774703
1217731
200587
1084627
1614157
1120159
278149
1824749
1242217
439961
1522159
1566343
1558631
957701
968063
411821
1078111
1800973
296663
142223
990497
760939
1116257
964039
864211
1699501
9749
555967
1823231
486203
1797857
597853
660547
619999
262489
50177
306541
1306759
1035743
1316761
1497997
978839
1446323
792031
379927
964637
211693
930467
35951
655399
1480573
1085587
353929
1916647
390263
742069
354869
1794841
673297
602141
633407
551543
799991
1382597
1555943
674551
587999
85669
84347
1925179
943799
1925389
1895623
770867
959363
1918429
872687
8059
151687
213139
1885729
1542589
190837
1277897
1161857
694081
536461
322783
177679
1615139
1015897
529687
1942751
1006609
1628909
1025203
1550207
1239041
627197
770993
200191
119057
1589803
478811
272381
554663
1347413
1273663
1155577
1048829
1580057
1483903
419693
264443
908129
1120591
813499
1476283
232457
1804549
1823719
1019861
1921687
1110269
192611
29333
1519789
1502201
651281
1892021
740461
857453
101573
429701
947561
473527
1470451
1762261
969181
85229
103811
713171
360233
592303
602227
42359
251353
392669
341821
827989
1028117
976369
485479
330877
895649
1371259
1013671
1193683
1707977
1232437
980327
511787
702413
1525781
1174099
1191923
869179
1739791
618161
1831861
121351
348077
906011
520633
1624829
396983
139133
388837
243989
915611
33073
323377
1488661
206083
723491
112067
59021
134341
12967
356737
1807453
1886119
868669
1246033
1699039
1398497
244841
1529501
1073881
174917
1316741
1175591
800333
667243
162293
1271317
554821
36097
1777427
1106953
1063661
1771051
1026359
55207
895681
1490647
829841
1833269
1337969
543713
809383
855527
169913
613451
31069
1932089
1868407
1959857
55697
119881
1484479
162937
1975949
946109
1988297
1662631
51043
203141
284447
1642679
1153
375097
1870259
837583
1219349
669479
397429
1328219
468889
1960369
1842803
336727
1449953
228421
317419
1967893
1859197
644377
892559
1788551
394631
582427
112621
540269
226799
1374481
62473
715657
1988221
102253
1179929
207799
948263
1029841
1836073
467017
64499
1574653
446197
1121093
337837
1774303
1136287
36979
1334441
1200359
1093969
579011
652291
493231
337343
1114031
1713071
522167
651439
361219
553649
985529
1213469
468887
630193
747499
1674947
608383
215471
417169
903479
805537
1305643
1437049
955091
1973467
427513
1839953
1593583
827923
1705103
149393
506837
1564049
717887
872959
1179383
980999
280597
1041571
777551
534491
1601071
1358537
103457
759293
1758623
368197
1962661
1313363
1272589
626333
147179
1391479
49537
1463177
690293
406501
1603337
1698709
16427
143677
276781
1614589
1227329
788309
1041137
337453
365489
1383901
610933
897373
1663619
1743869
545239
888287
80273
1718401
1591663
927529
1366549
1960969
381761
1146881
1577699
1154819
1120517
146161
378467
793279
1755443
57251
1819711
1619239
529999
429547
44507
1753249
1288043
834007
397591
624347
1049201
1978849
303931
1309369
669649
1607519
1374557
1040807
473419
1469987
1637563
321073
1006493
611137
1341097
902807
1478459
110437
130987
1908581
492763
882451
1214237
82609
1309531
41597
1107049
158927
1633967
1497757
840757
1374887
1691003
1848013
1879253
1243807
1724537
330131
1155239
152077
1659239
837731
1559689
771623
125813
1207417
963283
314627
1147843
1505993
1835819
191509
609269
1644703
1813367
419189
1957301
1239499
481051
1514587
1541671
582469
1007417
1934263
409291
244747
186419
1854779
1145461
1494257
301051
1977971
180623
175939
629773
748613
786431
53299
1464769
547387
475759
1610657
942433
1168093
523603
969869
1352317
109141
579949
880349
1738543
24979
1097923
259631
1797097
1330111
1918307
1229773
1234799
1626143
21859
1145693
262621
1928237
226217
1634869
1282423
1685107
1354523
1138061
467713
1567343
1892551
1343747
1100557
614657
506291
1147229
31193
1355941
1053301
1801039
497711
1863157
429881
138113
1404419
940369
540823
300511
554887
108439
466321
1569937
1498921
1401119
998281
1059833
4507
586793
304253
15583
671443
143629
1253089
1828831
1465703
1423507
1404791
1184881
1746497
286711
597589
1493213
1034731
4933
1891663
394249
1517227
1277449
337201
1666361
268999
48281
1749001
675067
1239229
1528993
1025419
91129
299359
553921
949441
427949
16619
552469
1118987
377021
809273
1230863
1535987
1181099
542027
349793
1942121
85199
1032583
1830079
701357
700471
1420369
1300421
852857
1194733
1685317
91381
647651
1883759
35569
468473
1231453
91303
1037791
1095961
645067
1767763
1186673
285557
330509
1756483
849839
593149
1302617
390109
1384099
531229
395309
1887143
1966381
1267307
101089
181523
1008353
1509289
1486609
663281
773659
1707941
863179
706703
1108729
618577
47951
704801
542293
196111
563929
1145801
1569053
1949117
1901353
732943
1890467
645737
428339
1963433
1019129
836861
607723
328687
1538227
1065529
1374677
1964461
1067593
124717
179111
1465889
1909837
914477
575593
122051
174481
1733183
834257
131203
1068203
1183997
738317
674711
1799261
917803
1284551
193763
623107
1903703
534167
687767
20011
1363081
1982087
182899
1107341
1251947
1222409
1466053
795233
560023
444001
1712747
1129571
1692059
575213
474583
1024159
1721831
770039
1917731
82757
726707
1732883
1926427
1790969
1053319
267217
302779
277643
203249
1700189
1248007
1104613
144241
1725499
182389
1952201
535099
1744231
1187339
1686259
802027
620377
959867
974927
986287
1559297
912853
834503
1819057
1034323
92831
489689
15919
398941
323341
637699
1826537
270443
117497
1486139
212683
1719799
484117
1516187
1025747
795329
684451
1023833
678451
1369057
1134863
125149
556219
1699801
840991
1215103
310081
184753
85703
389783
424841
157163
408769
1338319
767293
74873
459427
1215161
392851
1296341
1513621
482917
674483
1756393
1547339
954181
1412629
763619
710399
797509
1727827
1107047
724567
1198229
1070567
184687
1178971
925073
1705153
566023
695141
1270667
255709
1259903
90823
310507
179
701299
1938199
169769
1021157
49481
287047
548677
1842719
1297561
1326287
1795571
1688047
43411
403679
1771481
1976939
200153
1210427
1745147
158161
1656827
433253
312401
1016909
1509623
483281
254071
1486591
5801
416677
1919441
481753
1897099
533363
243709
1815557
820321
476419
1680121
252383
1686913
1927823
1528441
1780349
116687
695329
774343
628909
1759847
1155317
753719
992023
1025351
1924973
342347
1990069
759329
961117
1482907
425123
150791
1779461
1502651
1163467
1889101
509543
1857161
1391653
370067
1267549
1996391
1762039
714341
1181281
1783889
1213259
1132601
1322033
1022303
799853
1106177
349801
1579321
1231687
1239737
1040057
1508851
1003003
514543
644383
1382527
1142633
1480561
1053769
368171
247633
1947193
1479559
934979
1745581
1883743
1334107
541193
908471
874477
1698967
93407
63803
900491
137873
1982381
1149919
518533
609709
99119
670297
1000777
261071
830657
1549439
1396141
234317
392737
1673131
1665869
1864823
584609
1978523
149077
1666897
99563
492013
1638653
1835651
1765619
1389943
1199833
534577
715903
48179
1626013
1115299
232459
1104449
1282187
1865263
1257989
81611
207821
1477507
1071419
1763963
901547
1236517
1725953
1814641
512443
1501427
1998181
361799
1014127
1263391
317351
481807
1086373
424199
639043
1418759
8563
