1022251
1206529
656891
879713
545057
1837967
785483
1585009
808153
1696283
1370723
1296391
998983
1258291
113383
671233
1192853
219103
1041793
111847
1419701
1687319
1178347
191563
1322261
516499
708959
994319
87701
1692017
622337
199889
782371
1021403
724459
527407
650099
506593
1410859
509389
204137
961703
663031
663563
1413949
1344053
1713977
564373
1747643
1228657
648041
34267
517087
1176737
1207093
982489
180629
458567
1871743
738713
2203
918751
1846093
168601
1208873
1836539
1472777
610327
859679
1663301
22391
463717
354031
1671463
1875683
1307261
1041223
22369
1186837
1295873
1588451
1539029
41243
658991
57493
617
581071
191231
114661
624049
84053
108707
160681
880283
1983361
1970461
1215779
1985279
499349
1730863
