1
4512
9023
13534
18046
22557
27068
31579
36091
40602
45113
49625
54136
58647
63158
67670
72181
76692
81203
85715
90226
94737
99249
103760
108271
112782
117294
121805
126316
130827
135339
139850
144361
148873
153384
157895
162406
166918
171429
175940
180452
184963
189474
193985
198497
203008
207519
212030
216542
221053
225564
230076
234587
239098
243609
248121
252632
257143
261654
266166
270677
275188
279700
284211
288722
293233
297745
302256
306767
311279
315790
320301
324812
329324
333835
338346
342857
347369
351880
356391
360903
365414
369925
374436
378948
383459
387970
392481
396993
401504
406015
410527
415038
419549
424060
428572
433083
437594
442106
446617
451128
455639
460151
464662
469173
473684
478196
482707
487218
491730
496241
500752
505263
509775
514286
518797
523308
527820
532331
536842
541354
545865
550376
554887
559399
563910
568421
572933
577444
581955
586466
590978
595489
600000
604511
609023
613534
618045
622557
627068
631579
636090
640602
645113
649624
654135
658647
663158
667669
672181
676692
681203
685714
690226
694737
699248
703760
708271
712782
717293
721805
726316
730827
735338
739850
744361
748872
753384
757895
762406
766917
771429
775940
780451
784962
789474
793985
798496
803008
807519
812030
816541
821053
825564
830075
834587
839098
843609
848120
852632
857143
861654
866165
870677
875188
879699
884211
888722
893233
897744
902256
906767
911278
915789
920301
924812
929323
933835
938346
942857
947368
951880
956391
960902
965413
969925
974436
978947
983459
987970
992481
996992
1001504
1006015
1010526
1015038
1019549
1024060
1028571
1033083
1037594
1042105
1046616
1051128
1055639
1060150
1064662
1069173
1073684
1078195
1082707
1087218
1091729
1096240
1100752
1105263
1109774
1114286
1118797
1123308
1127819
1132331
1136842
1141353
1145865
1150376
1154887
1159398
1163910
1168421
1172932
1177443
1181955
1186466
1190977
1195489
1200000
1204511
1209022
1213534
1218045
1222556
1227067
1231579
1236090
1240601
1245113
1249624
1254135
1258646
1263158
1267669
1272180
1276692
1281203
1285714
1290225
1294737
1299248
1303759
1308270
1312782
1317293
1321804
1326316
1330827
1335338
1339849
1344361
1348872
1353383
1357894
1362406
1366917
1371428
1375940
1380451
1384962
1389473
1393985
1398496
1403007
1407519
1412030
1416541
1421052
1425564
1430075
1434586
1439097
1443609
1448120
1452631
1457143
1461654
1466165
1470676
1475188
1479699
1484210
1488721
1493233
1497744
1502255
1506767
1511278
1515789
1520300
1524812
1529323
1533834
1538346
1542857
1547368
1551879
1556391
1560902
1565413
1569924
1574436
1578947
1583458
1587970
1592481
1596992
1601503
1606015
1610526
1615037
1619548
1624060
1628571
1633082
1637594
1642105
1646616
1651127
1655639
1660150
1664661
1669173
1673684
1678195
1682706
1687218
1691729
1696240
1700751
1705263
1709774
1714285
1718797
1723308
1727819
1732330
1736842
1741353
1745864
1750375
1754887
1759398
1763909
1768421
1772932
1777443
1781954
1786466
1790977
1795488
1800000
